Emri,Cmimi aktual,Cmimi i vjeter
EOS R100 18-45,53.990,55.990
EOS R50 18-45 BLACK,72.990,74.990
APARAT FOTO SONY ILCE6400LB,103.997,144.990
APARAT FOTO CANON EOS R10 RF-S 18-45 IS STM,106.990,111.990
APARAT FOTO CANON EOS R10 RF-S 18-150 IS STM,135.990,138.990
APARAT FOTO SONY ILCE7M3KB.CEC,164.997,273.690
